124
174
148
136
121
141
141
137
158
197
115
178
176
158
159
119
165
157
126
195
166
191
137
127
178
112
156
125
116
177
144
182
148
129
145
142
126
170
1000432
1000415
113
150
167
109
165
118
178
100
115
123
103
171
135
125
132
118
110
125
123
117
147
147
112
125
102
154
116
175
186
104
107
138
180
100
175
162
192
184
116
103
123
161
121
163
144
125
173
109
117
169
101
123
160
196
184
150
145
101
180
104
134
198
146
150
118
125
153
159
144
183
175
153
146
130
100
174
158
190
151
112
114
179
128
140
161
143
153
188
129
153
154
169
115
174
166
186
133
179
1000042
1000180
139
137
190
168
167
113
117
159
136
152
178
164
103
171
172
145
114
199
192
195
153
158
104
139
199
100
149
119
105
192
157
140
105
196
166
133
112
189
1000345
1000130
166
119
186
170
132
118
195
125
1000483
1000045
131
135
186
109
125
184
142
118
102
193
170
143
